CACHE type 5 produced by analog 6.0/Unix. Do not modify or delete!
T	0	0	585	34	109	208	113651237
D	25815942	25820947
17927	212	2	1	34200
17927	213	2	1	34200
17927	214	1	0	33947
17927	215	1	0	33947
17927	216	2	1	34200
17927	217	14	3	1027876
17927	218	13	4	525163
17927	219	5	0	27405
17927	221	2	1	36598
17927	225	1	0	3559
17927	226	6	0	30994
17927	227	2	1	6436
17927	228	2	0	41066
17927	229	14	1	559014
17927	230	5	0	32396
17927	231	24	5	592286
17927	234	6	0	506194
17927	235	2	0	43
17927	236	4	0	25314
17927	237	16	1	83284476
17927	238	10	0	47710
17927	239	4	0	20290
17927	240	8	0	512334
17927	241	1	0	2982
17927	242	1	0	2982
17927	243	7	0	522888
17927	247	9	0	531968
17927	250	3	0	17853
17927	252	7	1	34450
17927	253	2	0	12807
17927	254	1	0	6404
17927	260	3	0	496337
17927	262	2	0	12718
17927	263	5	1	319345
17927	264	4	0	25676
17927	265	7	2	502723
17927	266	3	2	7807
17927	267	5	4	11014
17927	268	12	0	60609
17927	269	1	1	1596
17927	272	3	3	1598
17927	275	7	0	518508
17927	277	46	0	263028
17927	280	3	0	17154
17927	282	3	0	17154
17927	284	5	0	28590
17927	285	4	0	14665
17927	286	5	0	19252
17927	287	1	0	3442
17928	0	13	0	1009102
17928	1	11	0	529004
17928	32	6	0	533552
17928	36	7	0	26572
17928	37	4	0	6196
17928	38	6	0	18643
17928	39	9	0	27954
17928	41	5	0	1516187
17928	42	5	0	1508383
17928	43	12	0	2522555
17928	44	4	0	507051
17928	45	8	0	1497688
17928	61	16	0	529083
17928	116	3	0	494769
17928	135	6	0	504441
17928	136	6	0	31811
17928	147	1	0	0
17928	154	5	0	504441
17928	199	1	0	0
17928	200	2	0	339121
17928	201	5	0	0
17928	202	14	1	506536
17928	203	17	0	1034677
17928	205	1	0	4836
17928	209	6	0	504441
17928	211	1	0	4836
17928	216	5	0	499605
17928	221	8	0	509277
17928	222	8	0	989538
17928	223	5	0	24180
17928	224	1	0	4836
17928	225	7	0	512507
17928	226	3	0	16123
17928	227	3	0	13298
17928	230	4	0	494769
17928	231	4	0	499605
17928	234	1	0	0
17928	235	3	0	494769
17928	249	4	0	494769
17929	37	4	0	494769
17929	38	5	0	29563
17929	61	3	0	192
17929	144	4	0	494769
17929	149	8	0	514367
17929	154	1	0	0
17929	173	4	0	494769
17929	181	1	0	0
17929	244	5	0	499605
17929	267	5	0	499605
17929	275	1	0	0
17930	61	3	0	192
17930	102	1	0	24
17930	121	7	0	510068
17931	3	4	0	494769
17931	61	3	0	192
1	0	0	1	0	0	25816313	0	0	25816313	0	0	/user/9/destroy
1	1	0	0	0	25816628	0	0	25816628	0	0	64	/.well-known/acme-challenge/R19RSESRHEHTMKLO0M693B_KAZ0OPZL5
1	0	0	0	5	0	0	25816537	0	0	25816536	0	/img/hol.jpg
1	0	0	1	0	0	25816309	0	0	25816309	0	0	/user/5/destroy
1	0	0	1	0	0	25816305	0	0	25816305	0	0	/user/3/destroy
1	0	0	1	1	0	25816305	25816304	0	25816305	25816304	0	/user/1/destroy
1	14	0	0	0	25816548	0	0	25816526	0	0	7009884	/user/avatar/1548915973PERFILCV.png
1	0	0	0	1	0	0	25816141	0	0	25816141	0	/user/avatar
1	0	0	0	1	0	0	25816200	0	0	25816200	0	/users/sinfoto.jpg
1	1	0	0	0	25818067	0	0	25818067	0	0	64	/.well-known/acme-challenge/_S_C_ZR18VEPTFXF5JIMX5-QHKC1D97S
1	0	0	1	0	0	25816147	0	0	25816147	0	0	/user/avatar/1548880077Hydrangeas.jpg/
1	0	0	0	5	0	0	25816548	0	0	25816537	0	/img/hola.jpg
1	0	0	0	2	0	0	25816541	0	0	25816541	0	/storage/users/1548915973PERFILCV.png
1	1	0	0	0	25816628	0	0	25816628	0	0	64	/.well-known/acme-challenge/NRU443Y8S6U50_8BQP_DCD-9Y3YHNKD2
1	62	0	0	3	25820659	0	25815960	25815970	0	25815942	0	/favicon.ico
1	1	0	0	0	25819710	0	0	25819710	0	0	24	/robots.txt
1	2	0	0	0	25817330	0	0	25816196	0	0	51298	/images/englishtips.jpg
1	0	0	0	1	0	0	25816180	0	0	25816180	0	/user/filename/1548880077Hydrangeas.jpg
1	42	0	0	0	25820659	0	0	25815967	0	0	6575940	/css/app.css
1	0	0	0	12	0	0	25817330	0	0	25816196	0	/images/Engligh_class.jpg
1	1	0	0	0	25819507	0	0	25819507	0	0	64	/.well-known/acme-challenge/I1QXZL78U964ZZUKH-PBOP_74VDTD08V
1	0	0	0	1	0	0	25819806	0	0	25819806	0	/?148.251.120.226
1	0	0	7	0	0	25817330	0	0	25815969	0	0	/logout
1	0	0	1	0	0	25817456	0	0	25817456	0	0	/user/12/destroy
1	0	0	1	0	0	25816323	0	0	25816323	0	0	/user/10/destroy
1	0	0	0	1	0	0	25818482	0	0	25818482	0	/?190.236.198.69
1	1	0	0	0	25819507	0	0	25819507	0	0	64	/.well-known/acme-challenge/E9-RSB-YHL_DB6UPOGQZEZW94CN2OYGC
1	1	0	0	0	25816628	0	0	25816628	0	0	87	/.well-known/acme-challenge/LGttc008IRQ9MjxElKV-KPDWYAdUSXNvq3NAyBxVhUc
1	0	0	0	1	0	0	25817056	0	0	25817056	0	/2083
1	1	0	0	0	25818067	0	0	25818067	0	0	64	/.well-known/acme-challenge/Y-6B-4PRZZ7UP210N51ODJYVQTD9T5P6
1	2	0	0	0	25816077	0	0	25816070	0	0	14410	/user/editar/3
1	6	0	0	5	25816069	0	25816058	25816059	0	25816057	28667	/user/editar/1
1	0	0	0	1	0	0	25816001	0	0	25816001	0	/avatar
1	1	0	0	0	25816628	0	0	25816628	0	0	87	/.well-known/acme-challenge/d-SUUCW-gv5NSaG5WxF2HvHVFzm_StI0C_XBd-TxaHo
1	0	0	1	0	0	25816141	0	0	25816141	0	0	/user/avatar/
1	113	0	31	3	25820659	25819807	25817949	25815967	25815970	25816115	550582	/login
1	0	0	0	20	0	0	25816207	0	0	25816142	0	/user/avatar/1548880077Hydrangeas.jpg
1	29	0	0	0	25817330	0	0	25815968	0	0	208508	/configuracion
1	0	0	0	1	0	0	25817316	0	0	25817316	0	/:2082
1	0	0	1	0	0	25816314	0	0	25816314	0	0	/user/6/destroy
1	0	0	0	1	0	0	25819090	0	0	25819090	0	/NCDDBhgIrWZGw
1	1	0	0	0	25819507	0	0	25819507	0	0	64	/.well-known/acme-challenge/TH_37U5M-VGUWMY3VEJF_OXHC_0PRF76
1	4	0	1	3	25816070	25816077	25816070	25816065	25816077	25816064	83199090	/user/update_maestro
1	42	0	0	24	25816548	0	25816548	25816066	0	25816075	268915	/perfil
1	1	0	0	0	25820947	0	0	25820947	0	0	64	/.well-known/acme-challenge/MLBV6651CB1SMZTZCK4HR3-0_JFOR0VQ
1	1	0	0	0	25816628	0	0	25816628	0	0	87	/.well-known/acme-challenge/4oslpn4z6dqui9Sk7TbGtF8DpfACFfdspL-0lJ7unIM
1	1	0	0	0	25820947	0	0	25820947	0	0	64	/.well-known/acme-challenge/82EHM0GCNRFO8TC7PEEHC-6HQ35_D_SU
1	0	0	0	2	0	0	25816268	0	0	25816214	0	/GESTION
1	34	34	37	40	25817330	25817437	25820659	25815942	25816325	25816144	66573	/
1	117	0	0	30	25817456	0	25816309	25816008	0	25816006	579925	/user/gestion
1	0	0	1	0	0	25816901	0	0	25816901	0	0	/?190.233.49.115
1	0	0	1	0	0	25816001	0	0	25816001	0	0	/avatar/
1	2	0	0	0	25817330	0	0	25816196	0	0	558480	/images/english_cae.jpg
1	0	0	0	1	0	0	25817056	0	0	25817056	0	/8320
1	27	0	5	0	25817952	25817954	0	25815967	25815968	0	174459	/register
1	1	0	0	0	25820947	0	0	25820947	0	0	64	/.well-known/acme-challenge/UAPYI33W7MHG8T-V807Z0Z5_5BA0Q6ZB
1	1	0	0	0	25816628	0	0	25816628	0	0	64	/.well-known/acme-challenge/92QBW68VD-OSRLI4CQ3PCSOAJWPV1O6T
1	1	0	0	0	25818067	0	0	25818067	0	0	64	/.well-known/acme-challenge/Z-L56DSFHGQAUW-2EAUBZ2TBPOO4UR2T
1	1	0	0	0	25815959	0	0	25815959	0	0	33947	/cpanel?190.43.101.203
1	21	0	16	5	25816142	25820659	25818507	25815968	25817445	25816326	82797	/home
1	0	0	0	3	0	0	25816268	0	0	25816214	0	/gestion
1	42	0	0	0	25820659	0	0	25815967	0	0	14001246	/js/app.js
1	7	0	0	0	25816482	0	0	25815942	0	0	237629	/cpanel
1	0	0	1	2	0	25816526	25816518	0	25816526	25816517	0	/user/update
1	2	0	0	0	25816517	0	0	25816517	0	0	7834	/user/avatar/sinfoto.jpg
1	0	0	0	33	0	0	25820659	0	0	25816001	0	/svg/404.svg
3	50	2	4	32	25816548	25816147	25816548	25816066	25816066	25816075	7563505	http://sistemacolegio.tk/perfil
3	0	0	0	1	0	0	25817446	0	0	25817446	0	android-app://com.google.android.googlequicksearchbox/https/www.google.com
3	0	0	0	2	0	0	25816268	0	0	25816214	0	http://sistemacolegio.tk/gestion
3	0	0	0	1	0	0	25816214	0	0	25816214	0	http://sistemacolegio.tk/GESTION
3	126	1	35	4	25820659	25819807	25818507	25815967	25815970	25816115	14028140	http://sistemacolegio.tk/login
3	44	6	6	10	25817330	25817330	25816548	25815969	25815969	25816097	1374183	http://sistemacolegio.tk/configuracion
3	1	0	0	1	25817316	0	25817316	25817316	0	25817316	0	http://sistemacolegio.tk/:2082
3	1	0	0	0	25816541	0	0	25816541	0	0	0	http://sistemacolegio.tk/user/avatar/1548915973PERFILCV.png
3	0	0	0	1	0	0	25819090	0	0	25819090	0	http://sistemacolegio.tk/NCDDBhgIrWZGw
3	13	0	7	3	25817455	25817437	25817494	25817339	25817339	25817444	62433	android-app://com.google.android.googlequicksearchbox
3	1	0	0	0	25816518	0	0	25816518	0	0	0	http://sistemacolegio.tk/user/update
3	0	0	0	1	0	0	25816143	0	0	25816143	0	http://sistemacolegio.tk/user/avatar/1548880077Hydrangeas.jpg
3	0	0	0	1	0	0	25817056	0	0	25817056	0	http://sistemacolegio.tk/8320
3	15	0	6	2	25817952	25817954	25817954	25815968	25815968	25816505	552859	http://sistemacolegio.tk/register
3	0	0	0	1	0	0	25816001	0	0	25816001	0	http://sistemacolegio.tk/avatar
3	0	0	0	2	0	0	25816537	0	0	25816537	0	http://sistemacolegio.tk/img/hol.jpg
3	0	0	0	1	0	0	25816180	0	0	25816180	0	http://sistemacolegio.tk/user/filename/1548880077Hydrangeas.jpg
3	31	3	1	0	25819138	25816036	0	25815968	25816036	0	1110145	http://sistemacolegio.tk/home
3	10	0	1	2	25816082	25816077	25816078	25816070	25816077	25816077	35501	http://sistemacolegio.tk/user/editar/3
3	51	0	16	41	25820659	25820659	25820659	25815967	25817445	25815942	764317	http://sistemacolegio.tk/
3	0	0	0	1	0	0	25816537	0	0	25816537	0	http://sistemacolegio.tk/img/hola.jpg
3	93	0	7	11	25817456	25817456	25816309	25816050	25816305	25816267	3695021	http://sistemacolegio.tk/user/gestion
3	0	0	0	1	0	0	25816541	0	0	25816541	0	http://sistemacolegio.tk/storage/users/1548915973PERFILCV.png
3	3	0	0	3	25816070	0	25816070	25816065	0	25816064	83199075	http://sistemacolegio.tk/user/editar/1
3	1	0	0	1	25817056	0	25817056	25817056	0	25817056	0	http://sistemacolegio.tk/2083
3	1	0	0	0	25818627	0	0	25818627	0	0	4836	https://www.planetatvonlinehd.com/dcs-legends-of-tomorrow-4x08-temporada-4-capitulo-8/
4	293	32	37	106	25817331	25817331	25819090	25815948	25815968	25815948	7442320	Mozilla/5.0 (Windows NT 6.1; Win64; x64) AppleWebKit/537.36 (KHTML, like Gecko) Chrome/71.0.3578.98 Safari/537.36
4	14	0	6	5	25818530	25817954	25817954	25817567	25817567	25817567	1019101	Mozilla/5.0 (Linux; Android 6.0; XT1063 Build/MPB24.65-34) AppleWebKit/537.36 (KHTML, like Gecko) Chrome/69.0.3497.100 Mobile Safari/537.36
4	5	0	2	2	25819098	25819098	25819098	25819098	25819098	25819098	499605	Mozilla/5.0 (Windows NT 10.0; Win64; x64) AppleWebKit/537.36 (KHTML, like Gecko) Chrome/72.0.3626.81 Safari/537.36
4	3	0	0	0	25816628	0	0	25816628	0	0	261	Mozilla/5.0 (compatible; Let's Encrypt validation server; +https://www.letsencrypt.org)
4	52	2	17	25	25819807	25819807	25819806	25815942	25816050	25815942	85864306	Mozilla/5.0 (Windows NT 10.0; Win64; x64) AppleWebKit/537.36 (KHTML, like Gecko) Chrome/71.0.3578.98 Safari/537.36
4	3	0	1	0	25816901	25816901	0	25816901	25816901	0	494769	Mozilla/5.0 (Windows NT 10.0; Win64; x64; rv:57.0) Gecko/20100101 Firefox/57.0
4	1	0	0	1	25819710	0	25819710	25819710	0	25819710	24	Mozilla/5.0 (compatible; YandexBot/3.0; +http://yandex.com/bots)
4	66	0	8	31	25816548	25816526	25816548	25816481	25816481	25816498	8164781	Mozilla/5.0 (Windows NT 6.1; Win64; x64) AppleWebKit/537.36 (KHTML, like Gecko) Chrome/71.0.3578.98 Safari/537.36 FirePHP/4Chrome
4	0	0	0	1	0	0	25819090	0	0	25819090	0	Mozilla/5.0 (Windows NT 10.0; Win64; x64) AppleWebKit/537.36 (KHTML, like Gecko) Chrome/64.0.3282.140 Safari/537.36 Edge/17.17134
4	44	0	5	4	25818627	25817433	25818483	25816209	25817335	25817474	4013433	Mozilla/5.0 (iPhone; CPU iPhone OS 12_1 like Mac OS X) AppleWebKit/605.1.15 (KHTML, like Gecko) CriOS/71.0.3578.89 Mobile/15E148 Safari/605.1
4	23	0	7	6	25817456	25817456	25817446	25817056	25817092	25817056	1541138	Mozilla/5.0 (Linux; Android 6.0.1; SM-J700M Build/MMB29K) AppleWebKit/537.36 (KHTML, like Gecko) Chrome/60.0.3112.116 Mobile Safari/537.36
4	0	0	0	1	0	0	25819090	0	0	25819090	0	Mozilla/5.0 (iPhone; CPU iPhone OS 7_0 like Mac OS X) AppleWebKit/537.51.1 (KHTML, like Gecko) Version/7.0 Mobile/11A465 Safari/9537.53 BingPreview/1.0b
4	9	0	4	7	25819138	25818507	25818507	25818506	25818506	25818506	514367	Mozilla/5.0 (Linux; Android 5.0.1; ALE-L23) AppleWebKit/537.36 (KHTML, like Gecko) Chrome/71.0.3578.99 Mobile Safari/537.36
4	4	0	1	2	25820659	25820659	25820659	25820659	25820659	25820659	494769	Mozilla/5.0 (Linux; Android 7.0; X4UPlus) AppleWebKit/537.36 (KHTML, like Gecko) Chrome/72.0.3626.76 Mobile Safari/537.36
4	0	0	0	1	0	0	25819090	0	0	25819090	0	Mozilla/5.0 (iPhone; CPU iPhone OS 12_1 like Mac OS X) AppleWebKit/605.1.15 (KHTML, like Gecko) Version/12.0 Mobile/15E148 Safari/604.1
4	5	0	2	10	25818667	25817477	25817477	25817473	25817473	25817473	499605	Mozilla/5.0 (Linux; Android 7.0; LG-H870) AppleWebKit/537.36 (KHTML, like Gecko) Chrome/71.0.3578.99 Mobile Safari/537.36
4	22	0	8	0	25817001	25817001	0	25816625	25816625	0	1064882	Mozilla/5.0 (Windows NT 6.3; Win64; x64) AppleWebKit/537.36 (KHTML, like Gecko) Chrome/72.0.3626.81 Safari/537.36
4	29	0	10	6	25817495	25817495	25817494	25817339	25817339	25817444	2037108	Mozilla/5.0 (Linux; Android 6.0.1; Moto G Play) AppleWebKit/537.36 (KHTML, like Gecko) Chrome/71.0.3578.99 Mobile Safari/537.36
4	0	0	1	0	0	25817419	0	0	25817419	0	0	Mozilla/5.0 (Windows; U; Windows NT 6.0; en-US; rv:1.9.0.11) Gecko/2009060215 Firefox/3.0.11
4	12	0	0	0	25820947	0	0	25816628	0	0	768	Cpanel-HTTP-Client/1.0
5	1	0	0	0	25819138	0	0	25819138	0	0	0	190.234.181.157
5	0	0	0	1	0	0	25819090	0	0	25819090	0	5.62.56.53
5	16	0	5	10	25817949	25817477	25817949	25817339	25817339	25817453	1347081	66.249.88.92
5	16	0	5	3	25818530	25817949	25817567	25817339	25817346	25817477	1351917	66.249.88.90
5	6	0	3	4	25817093	25817093	25817056	25817056	25817092	25817056	504441	190.236.9.229
5	10	0	4	6	25818667	25817567	25817567	25817427	25817427	25817444	822417	66.249.88.88
5	0	0	0	3	0	0	25819090	0	0	25819090	0	87.114.67.79
5	8	0	4	7	25818507	25818507	25818507	25818506	25818506	25818506	514367	190.234.181.146
5	12	0	0	0	25820947	0	0	25816628	0	0	768	186.64.113.180
5	3	0	1	0	25816901	25816901	0	25816901	25816901	0	494769	138.68.254.101
5	4	0	1	2	25820659	25820659	25820659	25820659	25820659	25820659	494769	190.113.208.94
5	6	0	4	2	25817952	25817954	25817954	25817949	25817949	25817949	34399	190.236.198.69
5	9	0	0	0	25816321	0	0	25816209	0	0	990008	181.176.86.95
5	14	0	1	2	25817475	25817433	25817475	25817403	25817433	25817474	1493979	181.176.71.102
5	17	0	4	2	25817456	25817456	25817446	25817365	25817365	25817446	1036697	190.239.69.110
5	350	34	56	131	25819807	25819807	25819806	25815942	25815968	25815942	93806231	190.43.101.203
5	4	0	0	0	25818627	0	0	25818627	0	0	494769	181.176.79.241
5	3	0	0	0	25816628	0	0	25816628	0	0	261	66.133.109.36
5	10	0	2	0	25816626	25816626	0	25816625	25816625	0	528630	190.233.49.115
5	1	0	0	1	25819710	0	25819710	25819710	0	25819710	24	5.255.250.158
5	0	0	0	1	0	0	25819090	0	0	25819090	0	194.59.251.216
5	12	0	6	0	25817001	25817001	0	25816997	25816997	0	536252	190.233.166.93
5	83	0	12	33	25818483	25817337	25818483	25816481	25816481	25816498	9199458	179.6.197.218
5	0	0	1	0	0	25817419	0	0	25817419	0	0	148.251.120.226
z	0	62	0	25820659	0
z	1	3	2	25816243	3
z	2	19	0	25820947	1125
z	3	3	3	25815960	759
z	4	386	29	25820659	1981866
z	5	10	0	25817330	322874
z	6	100	0	25820659	28145550
z	8	2	0	25816065	83199060
c	200	585	25820947
c	301	3	25816147
c	302	106	25820659
c	403	5	25817949
c	404	102	25820659
c	405	16	25816207
c	500	78	25818507
c	599	7	25816268
